10개
1) prev_RoutesPoints_10_shortest
YT_locations = {0: (4, 17), 1: (8, 7), 2: (6, 7), 3: (8, 17), 4: (0, 17), 5: (0, 17), 6: (4, 7), 7: (6, 17), 8: (2, 27), 9: (4, 27)}
Job_locations = {0: [(6, 25), (8, 5)], 1: [(4, 15), (4, 25)], 2: [(4, 15), (4, 25)], 3: [(2, 15), (2, 25)], 4: [(2, 15), (0, 5)], 5: [(4, 5), (0, 15)], 6: [(0, 5), (8, 25)], 7: [(4, 15), (8, 25)], 8: [(6, 25), (4, 15)], 9: [(4, 15), (6, 5)]}

Objective value = 43800.0

next_prev_count
[[1, 1, 1, 1, 1, 3, 3, 3, 3, 3, 4, 3, 3, 3, 3, 3, 2, 2,
  2, 2, 2, 1, 1, 1, 1, 1, 1, 1, 1, 1, 1],
 [1, 0, 0, 0, 0, 0, 0, 0, 0, 0, 2, 0, 0, 0, 0, 0, 0, 0,
  0, 0, 1, 0, 0, 0, 0, 0, 0, 0, 0, 0, 1],
 [1, 0, 0, 0, 0, 0, 0, 0, 0, 0, 2, 2, 2, 2, 2, 2, 0, 0,
  0, 0, 1, 0, 0, 0, 0, 1, 1, 1, 1, 1, 1],
 [1, 0, 0, 0, 0, 0, 0, 0, 0, 0, 0, 0, 0, 0, 0, 0, 0, 0,
  0, 0, 1, 0, 0, 0, 0, 0, 0, 0, 0, 0, 0],
 [1, 1, 1, 1, 1, 1, 0, 0, 0, 0, 4, 4, 4, 4, 4, 5, 1, 1,
  1, 1, 2, 0, 0, 0, 0, 2, 2, 2, 2, 2, 2],
 [0, 0, 0, 0, 0, 0, 0, 0, 0, 0, 4, 0, 0, 0, 0, 0, 0, 0,
  0, 0, 2, 0, 0, 0, 0, 0, 0, 0, 0, 0, 2],
 [0, 0, 0, 0, 0, 1, 1, 1, 1, 1, 4, 0, 0, 0, 0, 0, 0, 0,
  0, 0, 3, 2, 2, 2, 2, 2, 0, 0, 0, 0, 2],
 [0, 0, 0, 0, 0, 0, 0, 0, 0, 0, 3, 0, 0, 0, 0, 0, 0, 0,
  0, 0, 2, 0, 0, 0, 0, 0, 0, 0, 0, 0, 2],
 [0, 0, 0, 0, 0, 1, 1, 1, 1, 1, 4, 4, 4, 4, 4, 4, 4, 4,
  4, 4, 5, 4, 4, 4, 4, 4, 2, 2, 2, 2, 2]]

-----------------------------------

20개
1) prev_RoutePoints_20_shortest

YT_locations = {0: (8, 17), 1: (0, 7), 2: (8, 17), 3: (4, 17), 4: (2, 17), 5: (6, 7), 6: (8, 7), 7: (4, 27), 8: (4, 17), 9: (8, 17), 10: (8, 17), 11: (6, 17), 12: (6, 17), 13: (2, 17), 14: (6, 27), 15: (6, 17), 16: (4, 27), 17: (0, 27), 18: (6, 17), 19: (0, 27)}
Job_locations = {0: [(0, 5), (2, 5)], 1: [(0, 25), (2, 15)], 2: [(8, 15), (0, 25)], 3: [(8, 25), (6, 15)], 4: [(2, 15), (0, 5)], 5: [(6, 25), (0, 25)], 6: [(2, 5), (0, 25)], 7: [(4, 25), (2, 25)], 8: [(4, 15), (0, 25)], 9: [(4, 5), (6, 5)], 10: [(4, 5), (4, 25)], 11: [(0, 5), (0, 15)], 12: [(6, 25), (8, 25)], 13: [(8, 5), (0, 5)], 14: [(2, 5), (8, 15)], 15: [(6, 25), (6, 5)], 16: [(2, 5), (0, 5)], 17: [(6, 15), (8, 25)], 18: [(6, 5), (0, 15)], 19: [(6, 25), (4, 25)]}

Objective value = 64200.0

next_prev_count
[[3, 3, 3, 3, 3, 7, 6, 6, 6, 6, 7, 4, 4, 4, 4, 4, 2, 2,
  2, 2, 7, 7, 7, 7, 7, 7, 2, 2, 2, 2, 2],
 [3, 0, 0, 0, 0, 0, 0, 0, 0, 0, 4, 0, 0, 0, 0, 0, 0, 0,
  0, 0, 5, 0, 0, 0, 0, 0, 0, 0, 0, 0, 2],
 [4, 3, 3, 3, 3, 4, 1, 1, 1, 1, 4, 1, 1, 1, 1, 2, 1, 1,
  1, 1, 5, 0, 0, 0, 0, 1, 1, 1, 1, 1, 2],
 [2, 0, 0, 0, 0, 0, 0, 0, 0, 0, 2, 0, 0, 0, 0, 0, 0, 0,
  0, 0, 4, 0, 0, 0, 0, 0, 0, 0, 0, 0, 1],
 [4, 2, 2, 2, 2, 2, 0, 0, 0, 0, 2, 1, 1, 1, 1, 1, 0, 0,
  0, 0, 4, 1, 1, 1, 1, 3, 2, 2, 2, 2, 2],
 [4, 0, 0, 0, 0, 0, 0, 0, 0, 0, 1, 0, 0, 0, 0, 0, 0, 0,
  0, 0, 3, 0, 0, 0, 0, 0, 0, 0, 0, 0, 1],
 [4, 1, 1, 1, 1, 3, 2, 2, 2, 2, 4, 2, 2, 2, 2, 3, 2, 2,
  2, 2, 6, 4, 4, 4, 4, 4, 0, 0, 0, 0, 1],
 [3, 0, 0, 0, 0, 0, 0, 0, 0, 0, 3, 0, 0, 0, 0, 0, 0, 0,
  0, 0, 3, 0, 0, 0, 0, 0, 0, 0, 0, 0, 1],
 [3, 3, 3, 3, 3, 4, 4, 4, 4, 4, 5, 3, 3, 3, 3, 4, 3, 3,
  3, 3, 5, 4, 4, 4, 4, 4, 1, 1, 1, 1, 1]]

---------------------------------------------

30개

1) prev_Truck_30_shortest

YT_locations = {0: (6, 17), 1: (8, 7), 2: (2, 27), 3: (8, 17), 4: (0, 17), 5: (2, 27), 6: (0, 7), 7: (8, 7), 8: (6, 27), 9: (2, 17), 10: (6, 17), 11: (4, 7), 12: (4, 27), 13: (8, 27), 14: (8, 17), 15: (2, 27), 16: (0, 27), 17: (6, 7), 18: (6, 7), 19: (4, 17), 20: (6, 17), 21: (4, 17), 22: (2, 7), 23: (2, 7), 24: (0, 27), 25: (4, 17), 26: (8, 27), 27: (8, 7), 28: (8, 7), 29: (4, 7)}
Job_locations = {0: [(6, 25), (4, 25)], 1: [(2, 25), (6, 5)], 2: [(2, 5), (4, 15)], 3: [(8, 15), (6, 15)], 4: [(6, 25), (2, 5)], 5: [(8, 15), (6, 15)], 6: [(6, 5), (6, 25)], 7: [(2, 25), (4, 25)], 8: [(2, 25), (6, 5)], 9: [(0, 5), (0, 25)], 10: [(4, 5), (4, 15)], 11: [(8, 25), (2, 15)], 12: [(4, 5), (2, 5)], 13: [(0, 15), (6, 25)], 14: [(0, 15), (4, 25)], 15: [(4, 15), (6, 25)], 16: [(6, 5), (4, 5)], 17: [(2, 25), (2, 15)], 18: [(4, 5), (2, 5)], 19: [(2, 15), (8, 5)], 20: [(2, 5), (2, 25)], 21: [(0, 15), (2, 5)], 22: [(2, 15), (6, 25)], 23: [(2, 15), (8, 5)], 24: [(8, 15), (4, 15)], 25: [(4, 25), (0, 25)], 26: [(0, 15), (6, 5)], 27: [(2, 15), (2, 25)], 28: [(2, 25), (8, 5)], 29: [(6, 15), (4, 25)]}

next_prev_count
[[ 4,  4,  4,  4,  4,  5,  5,  5,  5,  5,  9,  7,  7,  7,
   7,  9,  7,  7,  7,  7,  9,  8,  8,  8,  8,  8,  6,  6,
   6,  6,  6],
 [ 4,  0,  0,  0,  0,  0,  0,  0,  0,  0,  6,  0,  0,  0,
   0,  0,  0,  0,  0,  0,  3,  0,  0,  0,  0,  0,  0,  0,
   0,  0,  6],
 [ 4,  2,  2,  2,  2,  6,  4,  4,  4,  4, 10,  4,  4,  4,
   4,  6,  2,  2,  2,  2,  9,  5,  5,  5,  5,  7,  2,  2,
   2,  2,  6],
 [ 2,  0,  0,  0,  0,  0,  0,  0,  0,  0,  6,  0,  0,  0,
   0,  0,  0,  0,  0,  0,  8,  0,  0,  0,  0,  0,  0,  0,
   0,  0,  4],
 [ 3,  3,  3,  3,  3,  4,  1,  1,  1,  1,  8,  1,  1,  1,
   1,  4,  3,  3,  3,  3, 10,  1,  1,  1,  1,  5,  4,  4,
   4,  4,  5],
 [ 1,  0,  0,  0,  0,  0,  0,  0,  0,  0,  8,  0,  0,  0,
   0,  0,  0,  0,  0,  0,  8,  0,  0,  0,  0,  0,  0,  0,
   0,  0,  2],
 [ 3,  2,  2,  2,  2,  5,  3,  3,  3,  3, 10,  4,  4,  4,
   4,  6,  5,  5,  5,  5, 11,  2,  2,  2,  2,  6,  4,  4,
   4,  4,  5],
 [ 3,  0,  0,  0,  0,  0,  0,  0,  0,  0,  5,  0,  0,  0,
   0,  0,  0,  0,  0,  0,  7,  0,  0,  0,  0,  0,  0,  0,
   0,  0,  4],
 [ 3,  3,  3,  3,  3,  6,  6,  6,  6,  6,  8,  5,  5,  5,
   5,  8,  8,  8,  8,  8, 10,  5,  5,  5,  5,  5,  4,  4,
   4,  4,  4]]

2) now
YT_locations = {0: (2, 27), 1: (6, 17), 2: (6, 27), 3: (4, 17), 4: (2, 27), 5: (4, 27), 6: (8, 7), 7: (4, 27), 8: (4, 7), 9: (0, 7), 10: (8, 17), 11: (8, 17), 12: (2, 7), 13: (4, 27), 14: (2, 7), 15: (4, 27), 16: (8, 7), 17: (6, 17), 18: (0, 17), 19: (4, 17), 20: (6, 27), 21: (6, 27), 22: (6, 27), 23: (0, 7), 24: (6, 27), 25: (6, 27), 26: (4, 7), 27: (6, 17), 28: (2, 27), 29: (2, 27)}
Job_locations = {0: [(8, 5), (6, 5)], 1: [(6, 15), (2, 15)], 2: [(0, 5), (8, 15)], 3: [(6, 15), (8, 5)], 4: [(0, 15), (6, 15)], 5: [(8, 25), (2, 25)], 6: [(8, 25), (2, 5)], 7: [(8, 15), (0, 15)], 8: [(4, 25), (6, 15)], 9: [(0, 5), (8, 5)], 10: [(6, 15), (4, 15)], 11: [(6, 25), (0, 15)], 12: [(0, 15), (8, 15)], 13: [(8, 5), (4, 15)], 14: [(6, 25), (2, 5)], 15: [(4, 15), (2, 25)], 16: [(2, 5), (4, 25)], 17: [(0, 5), (0, 25)], 18: [(2, 15), (8, 5)], 19: [(8, 25), (0, 25)], 20: [(2, 5), (6, 25)], 21: [(8, 25), (2, 5)], 22: [(2, 15), (6, 25)], 23: [(6, 15), (2, 15)], 24: [(0, 15), (6, 25)], 25: [(6, 15), (4, 25)], 26: [(4, 5), (0, 15)], 27: [(4, 5), (2, 25)], 28: [(6, 5), (4, 5)], 29: [(6, 5), (0, 25)]}

next_prev_count
[[ 4,  4,  4,  4,  4,  7,  7,  7,  7,  7, 12, 10, 10, 10,
  10, 15, 14, 14, 14, 14, 14,  7,  7,  7,  7,  8,  6,  6,
   6,  6,  6],
 [ 4,  0,  0,  0,  0,  0,  0,  0,  0,  0,  7,  0,  0,  0,
   0,  0,  0,  0,  0,  0,  7,  0,  0,  0,  0,  0,  0,  0,
   0,  0,  6],
 [ 5,  2,  2,  2,  2,  5,  3,  3,  3,  3, 12,  2,  2,  2,
   2,  4,  2,  2,  2,  2,  7,  0,  0,  0,  0,  3,  3,  3,
   3,  3,  7],
 [ 4,  0,  0,  0,  0,  0,  0,  0,  0,  0, 12,  0,  0,  0,
   0,  0,  0,  0,  0,  0,  5,  0,  0,  0,  0,  0,  0,  0,
   0,  0,  5],
 [ 4,  2,  2,  2,  2,  3,  1,  1,  1,  1, 13,  1,  1,  1,
   1,  3,  2,  2,  2,  2,  7,  1,  1,  1,  1,  3,  2,  2,
   2,  2,  5],
 [ 2,  0,  0,  0,  0,  0,  0,  0,  0,  0, 12,  0,  0,  0,
   0,  0,  0,  0,  0,  0,  6,  0,  0,  0,  0,  0,  0,  0,
   0,  0,  3],
 [ 3,  2,  2,  2,  2,  3,  1,  1,  1,  1, 14,  6,  6,  6,
   6,  8,  3,  3,  3,  3,  7,  2,  2,  2,  2,  5,  3,  3,
   3,  3,  5],
 [ 2,  0,  0,  0,  0,  0,  0,  0,  0,  0,  9,  0,  0,  0,
   0,  0,  0,  0,  0,  0,  3,  0,  0,  0,  0,  0,  0,  0,
   0,  0,  4],
 [ 2,  2,  2,  2,  2,  7,  7,  7,  7,  7, 11,  6,  6,  6,
   6,  8,  7,  7,  7,  7,  7,  4,  4,  4,  4,  6,  4,  4,
   4,  4,  4]]
   
--------------------------------------

40개

1) prev_RoutePoints_40_shortest

YT_locations = {0: (8, 7), 1: (4, 27), 2: (6, 7), 3: (4, 17), 4: (0, 17), 5: (6, 17), 6: (6, 7), 7: (4, 27), 8: (2, 17), 9: (2, 27), 10: (8, 17), 11: (4, 7), 12: (6, 7), 13: (4, 17), 14: (0, 27), 15: (0, 27), 16: (8, 27), 17: (8, 27), 18: (2, 17), 19: (8, 7), 20: (6, 27), 21: (0, 7), 22: (2, 17), 23: (0, 7), 24: (8, 27), 25: (2, 17), 26: (6, 17), 27: (0, 27), 28: (0, 17), 29: (2, 27), 30: (8, 27), 31: (6, 17), 32: (4, 7), 33: (2, 17), 34: (2, 27), 35: (8, 7), 36: (8, 7), 37: (2, 7), 38: (4, 7), 39: (8, 17)}
Job_locations = {0: [(0, 15), (8, 5)], 1: [(2, 15), (6, 15)], 2: [(6, 5), (2, 15)], 3: [(0, 25), (2, 5)], 4: [(2, 15), (0, 25)], 5: [(2, 25), (8, 25)], 6: [(4, 5), (0, 5)], 7: [(2, 5), (6, 5)], 8: [(6, 5), (6, 15)], 9: [(8, 25), (8, 15)], 10: [(0, 5), (6, 5)], 11: [(6, 25), (0, 5)], 12: [(2, 5), (4, 25)], 13: [(4, 5), (0, 5)], 14: [(0, 5), (2, 25)], 15: [(4, 25), (8, 15)], 16: [(2, 15), (0, 15)], 17: [(2, 25), (8, 25)], 18: [(4, 15), (0, 15)], 19: [(0, 5), (8, 25)], 20: [(2, 5), (4, 5)], 21: [(0, 25), (6, 5)], 22: [(4, 5), (4, 15)], 23: [(0, 5), (0, 15)], 24: [(4, 25), (0, 25)], 25: [(0, 25), (2, 15)], 26: [(2, 15), (0, 5)], 27: [(4, 25), (6, 25)], 28: [(0, 15), (2, 5)], 29: [(0, 15), (4, 25)], 30: [(8, 15), (4, 15)], 31: [(4, 15), (4, 25)], 32: [(4, 5), (2, 5)], 33: [(2, 25), (6, 15)], 34: [(0, 5), (0, 25)], 35: [(8, 5), (2, 5)], 36: [(6, 5), (0, 25)], 37: [(2, 25), (8, 5)], 38: [(0, 25), (4, 5)], 39: [(4, 15), (8, 15)]}   

Objective value = 122000.0

next_prev_count
[[ 6,  6,  6,  6,  6, 13, 11, 11, 11, 11, 16, 11, 11, 11,
  11, 12,  7,  7,  7,  7, 12, 11, 11, 11, 11, 11,  3,  3,
   3,  3,  3],
 [ 6,  0,  0,  0,  0,  0,  0,  0,  0,  0, 10,  0,  0,  0,
   0,  0,  0,  0,  0,  0,  6,  0,  0,  0,  0,  0,  0,  0,
   0,  0,  3],
 [ 7,  3,  3,  3,  3,  7,  4,  4,  4,  4, 13,  5,  5,  5,
   5,  7,  3,  3,  3,  3, 11,  4,  4,  4,  4,  5,  1,  1,
   1,  1,  3],
 [ 5,  0,  0,  0,  0,  0,  0,  0,  0,  0,  7,  0,  0,  0,
   0,  0,  0,  0,  0,  0,  9,  0,  0,  0,  0,  0,  0,  0,
   0,  0,  2],
 [ 6,  4,  4,  4,  4,  6,  2,  2,  2,  2, 10,  4,  4,  4,
   4,  6,  3,  3,  3,  3, 13,  3,  3,  3,  3,  6,  3,  3,
   3,  3,  3],
 [ 3,  0,  0,  0,  0,  0,  0,  0,  0,  0,  7,  0,  0,  0,
   0,  0,  0,  0,  0,  0, 11,  0,  0,  0,  0,  0,  0,  0,
   0,  0,  1],
 [ 5,  3,  3,  3,  3,  6,  3,  3,  3,  3,  9,  2,  2,  2,
   2,  5,  5,  5,  5,  5, 14,  1,  1,  1,  1,  2,  1,  1,
   1,  1,  2],
 [ 4,  0,  0,  0,  0,  0,  0,  0,  0,  0,  6,  0,  0,  0,
   0,  0,  0,  0,  0,  0, 11,  0,  0,  0,  0,  0,  0,  0,
   0,  0,  2],
 [ 4,  4,  4,  4,  4,  7,  7,  7,  7,  7, 10,  7,  7,  7,
   7, 10,  9,  9,  9,  9, 13,  6,  6,  6,  6,  6,  2,  2,
   2,  2,  2]]

-----------------------------------------
50개

1) prev_RoutePoints_50_shortest

YT_locations = {0: (8, 17), 1: (4, 7), 2: (2, 7), 3: (0, 7), 4: (4, 7), 5: (6, 27), 6: (2, 7), 7: (0, 27), 8: (0, 7), 9: (4, 17), 10: (2, 7), 11: (6, 27), 12: (6, 17), 13: (2, 17), 14: (8, 27), 15: (0, 27), 16: (0, 27), 17: (2, 7), 18: (4, 17), 19: (6, 27), 20: (4, 27), 21: (4, 27), 22: (0, 7), 23: (0, 7), 24: (8, 17), 25: (8, 17), 26: (0, 17), 27: (8, 7), 28: (6, 27), 29: (6, 27), 30: (4, 17), 31: (0, 27), 32: (0, 17), 33: (4, 27), 34: (6, 17), 35: (8, 7), 36: (6, 7), 37: (4, 17), 38: (4, 27), 39: (6, 27), 40: (8, 27), 41: (8, 17), 42: (6, 27), 43: (4, 7), 44: (8, 27), 45: (6, 27), 46: (8, 17), 47: (8, 27), 48: (2, 7), 49: (0, 17)}
Job_locations = {0: [(8, 25), (0, 15)], 1: [(4, 15), (0, 25)], 2: [(4, 15), (6, 15)], 3: [(8, 5), (0, 25)], 4: [(0, 25), (8, 25)], 5: [(2, 25), (4, 5)], 6: [(8, 15), (8, 5)], 7: [(4, 15), (8, 15)], 8: [(2, 5), (0, 5)], 9: [(8, 25), (4, 15)], 10: [(0, 5), (4, 25)], 11: [(2, 25), (2, 15)], 12: [(8, 5), (2, 25)], 13: [(2, 15), (6, 5)], 14: [(8, 15), (0, 15)], 15: [(0, 5), (6, 25)], 16: [(2, 15), (2, 25)], 17: [(2, 15), (4, 25)], 18: [(0, 25), (2, 15)], 19: [(2, 25), (0, 5)], 20: [(4, 15), (2, 15)], 21: [(2, 25), (4, 5)], 22: [(0, 5), (4, 5)], 23: [(0, 25), (0, 15)], 24: [(2, 5), (6, 25)], 25: [(4, 5), (8, 25)], 26: [(2, 25), (8, 25)], 27: [(8, 25), (0, 15)], 28: [(6, 15), (0, 25)], 29: [(2, 25), (0, 25)], 30: [(6, 5), (6, 25)], 31: [(8, 5), (2, 5)], 32: [(8, 25), (6, 25)], 33: [(0, 5), (4, 25)], 34: [(8, 5), (2, 15)], 35: [(4, 15), (2, 25)], 36: [(2, 5), (4, 5)], 37: [(6, 25), (6, 15)], 38: [(6, 15), (2, 5)], 39: [(6, 5), (2, 5)], 40: [(2, 5), (2, 25)], 41: [(4, 15), (2, 25)], 42: [(4, 5), (0, 25)], 43: [(8, 15), (6, 25)], 44: [(8, 25), (0, 5)], 45: [(8, 5), (4, 15)], 46: [(8, 15), (0, 25)], 47: [(4, 5), (2, 5)], 48: [(4, 25), (8, 25)], 49: [(2, 25), (2, 5)]}

Objective value = 167000.0

next_prev_count
[[ 5,  5,  5,  5,  5, 11, 10, 10, 10, 10, 16, 11, 11, 11,
  11, 15, 15, 15, 15, 15, 19, 15, 15, 15, 15, 16,  8,  8,
   8,  8,  8],
 [ 5,  0,  0,  0,  0,  0,  0,  0,  0,  0, 11,  0,  0,  0,
   0,  0,  0,  0,  0,  0,  8,  0,  0,  0,  0,  0,  0,  0,
   0,  0,  8],
 [ 6,  4,  4,  4,  4,  9,  5,  5,  5,  5, 17,  5,  5,  5,
   5,  9,  6,  6,  6,  6, 15,  7,  7,  7,  7, 12,  5,  5,
   5,  5,  9],
 [ 3,  0,  0,  0,  0,  0,  0,  0,  0,  0, 13,  0,  0,  0,
   0,  0,  0,  0,  0,  0,  9,  0,  0,  0,  0,  0,  0,  0,
   0,  0,  5],
 [ 4,  3,  3,  3,  3,  7,  4,  4,  4,  4, 17,  8,  8,  8,
   8, 10,  4,  4,  4,  4, 12,  1,  1,  1,  1,  4,  3,  3,
   3,  3,  6],
 [ 2,  0,  0,  0,  0,  0,  0,  0,  0,  0,  9,  0,  0,  0,
   0,  0,  0,  0,  0,  0, 10,  0,  0,  0,  0,  0,  0,  0,
   0,  0,  4],
 [ 4,  2,  2,  2,  2,  3,  1,  1,  1,  1,  9,  2,  2,  2,
   2,  4,  2,  2,  2,  2, 12,  1,  1,  1,  1,  6,  5,  5,
   5,  5,  8],
 [ 4,  0,  0,  0,  0,  0,  0,  0,  0,  0,  6,  0,  0,  0,
   0,  0,  0,  0,  0,  0, 11,  0,  0,  0,  0,  0,  0,  0,
   0,  0,  7],
 [ 4,  4,  4,  4,  4, 10, 10, 10, 10, 10, 14, 12, 12, 12,
  12, 15, 13, 13, 13, 13, 18, 12, 12, 12, 12, 14,  7,  7,
   7,  7,  7]]

-----------------------------------------

60개

1) prev_RoutePoints_60_shortest

YT_locations = {0: (0, 17), 1: (8, 7), 2: (0, 27), 3: (8, 17), 4: (0, 7), 5: (8, 27), 6: (2, 7), 7: (8, 17), 8: (4, 27), 9: (4, 17), 10: (4, 27), 11: (2, 7), 12: (8, 7), 13: (8, 17), 14: (4, 17), 15: (8, 7), 16: (4, 7), 17: (0, 27), 18: (4, 17), 19: (0, 17), 20: (2, 7), 21: (6, 27), 22: (8, 7), 23: (0, 27), 24: (8, 7), 25: (6, 17), 26: (8, 7), 27: (0, 27), 28: (4, 17), 29: (2, 7), 30: (8, 7), 31: (2, 17), 32: (8, 7), 33: (0, 17), 34: (0, 27), 35: (2, 27), 36: (4, 7), 37: (2, 7), 38: (0, 17), 39: (8, 7), 40: (0, 27), 41: (2, 17), 42: (8, 17), 43: (4, 17), 44: (4, 27), 45: (6, 17), 46: (4, 27), 47: (4, 7), 48: (2, 7), 49: (0, 17), 50: (0, 27), 51: (6, 27), 52: (0, 27), 53: (0, 17), 54: (4, 7), 55: (2, 17), 56: (0, 27), 57: (0, 27), 58: (8, 7), 59: (4, 17)}
Job_locations = {0: [(6, 15), (2, 15)], 1: [(0, 15), (2, 5)], 2: [(4, 15), (0, 25)], 3: [(6, 25), (2, 25)], 4: [(0, 15), (0, 25)], 5: [(6, 25), (2, 25)], 6: [(4, 5), (8, 25)], 7: [(2, 15), (2, 5)], 8: [(2, 15), (2, 25)], 9: [(6, 5), (4, 5)], 10: [(0, 25), (8, 15)], 11: [(2, 15), (4, 25)], 12: [(8, 15), (0, 25)], 13: [(8, 5), (4, 5)], 14: [(6, 5), (2, 15)], 15: [(8, 25), (4, 25)], 16: [(2, 15), (2, 5)], 17: [(4, 25), (6, 5)], 18: [(0, 5), (4, 5)], 19: [(6, 5), (4, 25)], 20: [(4, 15), (8, 5)], 21: [(6, 5), (6, 15)], 22: [(6, 25), (2, 15)], 23: [(0, 15), (0, 25)], 24: [(4, 25), (4, 5)], 25: [(6, 15), (2, 25)], 26: [(2, 5), (6, 25)], 27: [(4, 25), (8, 25)], 28: [(6, 25), (6, 5)], 29: [(8, 15), (0, 15)], 30: [(4, 5), (4, 15)], 31: [(8, 25), (8, 15)], 32: [(4, 15), (6, 25)], 33: [(4, 15), (2, 5)], 34: [(8, 15), (2, 25)], 35: [(0, 15), (6, 15)], 36: [(0, 15), (8, 25)], 37: [(6, 25), (2, 15)], 38: [(4, 5), (6, 15)], 39: [(4, 5), (0, 15)], 40: [(2, 25), (4, 25)], 41: [(2, 5), (6, 25)], 42: [(6, 15), (0, 15)], 43: [(6, 15), (8, 5)], 44: [(2, 25), (0, 5)], 45: [(4, 25), (6, 5)], 46: [(6, 5), (6, 25)], 47: [(2, 25), (4, 25)], 48: [(4, 5), (0, 5)], 49: [(6, 5), (0, 15)], 50: [(6, 25), (2, 25)], 51: [(2, 5), (6, 25)], 52: [(4, 5), (4, 15)], 53: [(4, 25), (8, 25)], 54: [(0, 15), (0, 5)], 55: [(8, 15), (4, 25)], 56: [(0, 5), (4, 25)], 57: [(4, 15), (2, 25)], 58: [(6, 15), (8, 15)], 59: [(4, 15), (2, 5)]}

Objective value = 215000.0

next_prev_count
[[ 3,  3,  3,  3,  3,  7,  6,  6,  6,  6, 13, 11, 11, 11,
  11, 16, 11, 11, 11, 11, 16, 12, 12, 12, 12, 12,  7,  7,
   7,  7,  7],
 [ 3,  0,  0,  0,  0,  0,  0,  0,  0,  0,  9,  0,  0,  0,
   0,  0,  0,  0,  0,  0,  9,  0,  0,  0,  0,  0,  0,  0,
   0,  0,  7],
 [ 6,  3,  3,  3,  3,  8,  5,  5,  5,  5, 14,  5,  5,  5,
   5,  9,  5,  5,  5,  5, 15,  3,  3,  3,  3, 10,  7,  7,
   7,  7,  8],
 [ 6,  0,  0,  0,  0,  0,  0,  0,  0,  0,  9,  0,  0,  0,
   0,  0,  0,  0,  0,  0, 13,  0,  0,  0,  0,  0,  0,  0,
   0,  0,  2],
 [10,  6,  6,  6,  6, 10,  4,  4,  4,  4, 14,  7,  7,  7,
   7,  9,  3,  3,  3,  3, 20,  5,  5,  5,  5, 12,  7,  7,
   7,  7,  8],
 [ 8,  0,  0,  0,  0,  0,  0,  0,  0,  0,  8,  0,  0,  0,
   0,  0,  0,  0,  0,  0, 19,  0,  0,  0,  0,  0,  0,  0,
   0,  0,  7],
 [13,  6,  6,  6,  6,  9,  3,  3,  3,  3, 13,  8,  8,  8,
   8, 11,  6,  6,  6,  6, 22,  6,  6,  6,  6, 11,  5,  5,
   5,  5, 12],
 [12,  0,  0,  0,  0,  0,  0,  0,  0,  0,  7,  0,  0,  0,
   0,  0,  0,  0,  0,  0, 13,  0,  0,  0,  0,  0,  0,  0,
   0,  0, 12],
 [12, 12, 12, 12, 12, 15, 15, 15, 15, 15, 18, 14, 14, 14,
  14, 20, 19, 19, 19, 19, 24, 16, 16, 16, 16, 17, 12, 12,
  12, 12, 12]]

-----------------------------------------

70개

1) prev_RoutePoints_70_shortest

YT_locations = {0: (0, 17), 1: (2, 27), 2: (4, 7), 3: (0, 27), 4: (0, 27), 5: (6, 7), 6: (8, 27), 7: (4, 17), 8: (0, 27), 9: (8, 17), 10: (2, 7), 11: (0, 7), 12: (2, 27), 13: (0, 27), 14: (4, 17), 15: (2, 7), 16: (4, 17), 17: (0, 27), 18: (6, 17), 19: (6, 7), 20: (2, 27), 21: (2, 17), 22: (0, 27), 23: (0, 7), 24: (8, 7), 25: (6, 17), 26: (6, 7), 27: (6, 27), 28: (2, 7), 29: (8, 7), 30: (6, 27), 31: (6, 7), 32: (4, 7), 33: (8, 7), 34: (8, 27), 35: (8, 7), 36: (4, 27), 37: (6, 7), 38: (6, 27), 39: (8, 27), 40: (0, 17), 41: (8, 7), 42: (8, 27), 43: (0, 7), 44: (8, 7), 45: (6, 27), 46: (4, 7), 47: (8, 27), 48: (8, 7), 49: (2, 27), 50: (4, 17), 51: (8, 27), 52: (4, 17), 53: (8, 27), 54: (0, 7), 55: (8, 17), 56: (0, 17), 57: (6, 7), 58: (4, 27), 59: (2, 7), 60: (8, 27), 61: (0, 27), 62: (8, 17), 63: (0, 17), 64: (6, 7), 65: (4, 17), 66: (2, 7), 67: (6, 27), 68: (6, 7), 69: (0, 17)}
Job_locations = {0: [(8, 15), (4, 5)], 1: [(6, 15), (4, 15)], 2: [(8, 5), (2, 25)], 3: [(2, 25), (4, 5)], 4: [(8, 15), (0, 15)], 5: [(2, 15), (4, 15)], 6: [(2, 5), (0, 15)], 7: [(8, 5), (8, 15)], 8: [(2, 25), (2, 5)], 9: [(8, 25), (2, 25)], 10: [(2, 25), (6, 5)], 11: [(2, 15), (6, 25)], 12: [(4, 15), (6, 15)], 13: [(6, 25), (0, 15)], 14: [(0, 5), (4, 5)], 15: [(6, 25), (6, 15)], 16: [(0, 25), (6, 25)], 17: [(0, 5), (6, 25)], 18: [(0, 25), (8, 5)], 19: [(2, 15), (8, 15)], 20: [(8, 5), (4, 25)], 21: [(2, 25), (6, 5)], 22: [(8, 25), (6, 5)], 23: [(8, 5), (2, 25)], 24: [(0, 25), (2, 5)], 25: [(0, 15), (6, 15)], 26: [(0, 5), (0, 25)], 27: [(0, 15), (4, 15)], 28: [(0, 25), (0, 15)], 29: [(6, 5), (8, 25)], 30: [(6, 15), (2, 5)], 31: [(8, 15), (2, 25)], 32: [(2, 25), (6, 25)], 33: [(2, 15), (0, 5)], 34: [(6, 25), (2, 25)], 35: [(0, 5), (6, 5)], 36: [(8, 5), (0, 15)], 37: [(8, 5), (4, 15)], 38: [(6, 25), (8, 15)], 39: [(6, 15), (8, 25)], 40: [(2, 15), (0, 5)], 41: [(8, 5), (2, 15)], 42: [(6, 5), (2, 5)], 43: [(0, 5), (6, 25)], 44: [(0, 25), (6, 25)], 45: [(2, 5), (2, 15)], 46: [(6, 25), (0, 5)], 47: [(8, 5), (8, 15)], 48: [(8, 5), (4, 5)], 49: [(4, 15), (8, 25)], 50: [(4, 5), (0, 15)], 51: [(2, 15), (4, 25)], 52: [(8, 5), (2, 25)], 53: [(0, 15), (2, 25)], 54: [(0, 25), (6, 15)], 55: [(2, 5), (6, 5)], 56: [(2, 15), (4, 15)], 57: [(0, 5), (6, 5)], 58: [(8, 15), (4, 15)], 59: [(6, 25), (6, 15)], 60: [(8, 25), (0, 25)], 61: [(0, 5), (0, 15)], 62: [(4, 25), (2, 5)], 63: [(4, 15), (8, 25)], 64: [(2, 25), (6, 15)], 65: [(0, 5), (6, 25)], 66: [(4, 25), (4, 5)], 67: [(4, 5), (4, 25)], 68: [(8, 5), (0, 25)], 69: [(2, 5), (2, 25)]}

Objective value = 218000.0

next_prev_count
[[ 4,  4,  4,  4,  4, 15, 15, 15, 15, 15, 17, 11, 11, 11,
  11, 17, 13, 13, 13, 13, 18, 12, 12, 12, 12, 15,  9,  9,
   9,  9,  9],
 [ 4,  0,  0,  0,  0,  0,  0,  0,  0,  0,  8,  0,  0,  0,
   0,  0,  0,  0,  0,  0, 11,  0,  0,  0,  0,  0,  0,  0,
   0,  0,  9],
 [ 5,  4,  4,  4,  4,  9,  5,  5,  5,  5, 18,  9,  9,  9,
   9, 11,  4,  4,  4,  4, 18,  6,  6,  6,  6, 14,  8,  8,
   8,  8, 14],
 [ 2,  0,  0,  0,  0,  0,  0,  0,  0,  0, 14,  0,  0,  0,
   0,  0,  0,  0,  0,  0, 15,  0,  0,  0,  0,  0,  0,  0,
   0,  0, 11],
 [ 3,  2,  2,  2,  2,  7,  5,  5,  5,  5, 21,  6,  6,  6,
   6, 12,  9,  9,  9,  9, 21,  2,  2,  2,  2,  5,  3,  3,
   3,  3, 14],
 [ 2,  0,  0,  0,  0,  0,  0,  0,  0,  0, 17,  0,  0,  0,
   0,  0,  0,  0,  0,  0, 16,  0,  0,  0,  0,  0,  0,  0,
   0,  0, 14],
 [ 4,  2,  2,  2,  2,  8,  6,  6,  6,  6, 22,  6,  6,  6,
   6, 12,  9,  9,  9,  9, 21,  6,  6,  6,  6, 13,  7,  7,
   7,  7, 16],
 [ 4,  0,  0,  0,  0,  0,  0,  0,  0,  0, 15,  0,  0,  0,
   0,  0,  0,  0,  0,  0, 11,  0,  0,  0,  0,  0,  0,  0,
   0,  0, 11],
 [ 4,  4,  4,  4,  4, 16, 16, 16, 16, 16, 27, 23, 23, 23,
  23, 27, 23, 23, 23, 23, 24, 14, 14, 14, 14, 16, 11, 11,
  11, 11, 11]]